z1 = [ 4.30597661476e-08, -5.89346056654e-05, -0.48403559846, 1248.41302476,]
z2 = [ -5.4833398881e-08, 0.000141227721541, -0.711929714195, 1374.50643599,]
z3 = [ 4.60605885774e-07, -0.00216844255871, 2.79874611588, -428.320695177,]
