z1 = [ -4.40035271731e-08, -1.06117604436e-05, -0.546427503163, 1294.79735789,]
z2 = [ 9.47342714551e-07, -0.00331034838398, 3.23735325975, -181.988805033,]
z3 = [ -5.53244217789e-07, 0.00260962675265, -4.52815543347, 3206.83270591,]
