z1 = [ -2.89854401597e-08, 3.8204535187e-05, -0.535612181185, 1317.57894293,]
z2 = [ -4.0445044509e-08, 0.000137057907243, -0.73170979302, 1427.15164317,]
z3 = [ 9.75152493862e-07, -0.00473146827214, 6.9569880372, -2580.89321256,]
