z1 = [ -5.59127220866e-07, 0.000938736444623, -0.871364387896, 1427.97812372,]
z2 = [ 1.29140637047e-06, -0.00511741592564, 5.87099939898, -1112.22966729,]
z3 = [ 5.70595907915e-07, -0.00269094750557, 3.26118386475, -235.089883503,]
